image_width: 640
image_height: 480
camera_name: narrow_stereo
camera_matrix:
  rows: 3
  cols: 3
  data: [379.782259, 0, 312.601536, 0, 385.902035, 233.059605, 0, 0, 1]
distortion_model: plumb_bob
distortion_coefficients:
  rows: 1
  cols: 5
  data: [-0.050085, -0.037995, -0.010719, -0.001364, 0]
rectification_matrix:
  rows: 3
  cols: 3
  data: [1, 0, 0, 0, 1, 0, 0, 0, 1]
projection_matrix:
  rows: 3
  cols: 4
  data: [354.270691, 0, 308.71849, 0, 0, 373.676483, 226.613862, 0, 0, 0, 1, 0]