image_width: 640
image_height: 480
camera_name: narrow_stereo
camera_matrix:
  rows: 3
  cols: 3
  data: [585.32959,   0.     , 427.94433,
           0.     , 558.32281, 259.09812,
           0.     ,   0.     ,   1.     ]
distortion_model: plumb_bob
distortion_coefficients:
  rows: 1
  cols: 5
  data: [0.239153, -0.147590, -0.005788, 0.098304, 0.000000]
rectification_matrix:
  rows: 3
  cols: 3
  data: [1., 0., 0.,
         0., 1., 0.,
         0., 0., 1.]
projection_matrix:
  rows: 3
  cols: 4
  data: [546.30981,   0.     , 474.44389,   0.     ,
           0.     , 618.81714, 256.27674,   0.     ,
           0.     ,   0.     ,   1.     ,   0.     ]
